AxEyX[xy]
3
4
0 1
0 2
1 2
2 2
1
1
1
AxEyX[yx]
3
4
0 1
0 2
1 2
2 2
1
1
1
ExAyX[yx]
3
4
0 1
0 2
1 2
2 2
1
1
1
(X[xy]>-X[yx])
3
4
0 1
0 2
1 2
2 2
1
1
1
(X[xy]>-X[yx])
3
4
0 1
0 2
1 2
2 2
0
2
1
(X[xy]>-X[yx])
3
4
0 1
0 2
1 2
2 2
2
2
1
X[xx]
3
1
1 1
1
1
1
(X[xy]^X[zy])
3
4
0 1
2 1
1 1
0 0
0
1
2
ExEy(X[xy]^Ex(X[yx]^Ey(X[xy]^ExX[yx])))
4
4
0 1
1 2
2 3
3 0
1
1
1
(ExAyX[yx]>AxEyX[xy])
4
4
0 0
1 0
2 0
3 0
1
1
1
ExEyEz((X[yx]^X[zx])^X[yz])
4
4
1 0
2 0
3 0
3 1
1
1
1
-X[xy]
3
4
0 1
0 2
1 2
2 2
1
2
3
ExEyAz(X[zx]^X[zy])
7
14
0 0
0 1
1 0
1 1
2 0
2 1
3 0
3 1
4 0
4 1
5 0
5 1
6 0
6 1
1
1
1